function w = d3q19LatticeWeights();
% D3Q19LATTICEWEIGHTS	Weights for the D3Q19 lattice-Boltzmann lattice.
%   D3Q19LATTICEWEIGHTS() returns a 19 element vector of weights for the 
%   D3Q19 lattice-Boltzmann lattice. 
%
%   See also d3q19LatticeDirections
%	Copyright 2009

w = [ 1.0/3.0
      1.0/18.0
      1.0/18.0      
      1.0/18.0        
      1.0/18.0          
      1.0/18.0            
      1.0/18.0
      1.0/36.0
      1.0/36.0
      1.0/36.0
      1.0/36.0
      1.0/36.0
      1.0/36.0
      1.0/36.0
      1.0/36.0      
      1.0/36.0        
      1.0/36.0          
      1.0/36.0            
      1.0/36.0 ];

